1,21 de febrero del 2026,08:10:05 p. m.,3,1,dv|1|12|12;453|2|1200|2400,2412,313,2725
2,21 de febrero del 2026,08:10:13 p. m.,5,1,453|1|1200|1200,1200,156,1356
3,21 de febrero del 2026,08:19:43 p. m.,1,1,453|1|1200|1200,1200,156,1356
4,22 de febrero del 2026,01:28:32 p. m.,1,1,101|1|4500|4500;5|1|1200|1200,5700,741,6441
5,22 de febrero del 2026,01:36:09 p. m.,3,1,101|1|4500|4500;003|1|900|900;87|1|4800|4800,10200,1326,11526
6,22 de febrero del 2026,01:39:43 p. m.,4,1,003|4|900|3600,3600,468,4068
7,22 de febrero del 2026,01:44:57 p. m.,5,119,95|1|2000|2000;1|1|1200|1200,3200,416,3616
8,22 de febrero del 2026,01:48:31 p. m.,2,119,16|1|1300|1300,1300,169,1469
9,22 de febrero del 2026,01:49:33 p. m.,3,119,12|1|1700|1700,1700,221,1921
10,22 de febrero del 2026,02:02:19 p. m.,4,119,44|1|2000|2000;1|1|1200|1200,3200,416,3616
11,22 de febrero del 2026,04:33:59 p. m.,4,1,003|5|900|4500,4500,585,5085
12,22 de febrero del 2026,04:43:22 p. m.,LLEVAR,1,003|5|900|4500,4500,585,5085
13,22 de febrero del 2026,04:48:41 p. m.,3,1,003|5|900|4500,4500,585,5085
14,22 de febrero del 2026,04:59:13 p. m.,2,1,003|5|900|4500,4500,585,5085
15,22 de febrero del 2026,05:07:17 p. m.,3,1,003|5|900|4500,4500,585,5085
16,22 de febrero del 2026,05:08:28 p. m.,2,1,19|2|2500|5000,5000,650,5650
17,22 de febrero del 2026,05:09:18 p. m.,3,1,19|3|2500|7500,7500,975,8475
18,22 de febrero del 2026,05:10:49 p. m.,4,1,19|1|2500|2500;003|5|900|4500,7000,910,7910
19,22 de febrero del 2026,05:16:39 p. m.,4,1,16|1|1300|1300,1300,169,1469
20,22 de febrero del 2026,05:17:12 p. m.,LLEVAR,1,16|3|1300|3900,3900,507,4407
21,22 de febrero del 2026,05:17:49 p. m.,LLEVAR,1,4|2|1600|3200,3200,416,3616
22,22 de febrero del 2026,06:24:14 p. m.,4,1,101|1|4500|4500;77|1|1200|1200,5700,741,6441
23,22 de febrero del 2026,06:24:34 p. m.,4,1,5|1|1200|1200,1200,156,1356
24,22 de febrero del 2026,06:40:26 p. m.,2,119,33|1|900|900;203|1|1200|1200;1|1|1200|1200,3300,429,3729
25,22 de febrero del 2026,06:58:23 p. m.,2,119,98|1|1200|1200,1200,156,1356
26,22 de febrero del 2026,07:13:40 p. m.,4,119,5|1|1200|1200,1200,156,1356
27,22 de febrero del 2026,07:36:05 p. m.,2,119,9|1|1000|1000,1000,130,1130
28,22 de febrero del 2026,07:43:37 p. m.,3,119,33|1|900|900,900,117,1017
29,22 de febrero del 2026,07:55:37 p. m.,4,119,44|1|2000|2000,2000,260,2260
30,22 de febrero del 2026,08:15:19 p. m.,5,21312,66|1|2200|2200,2200,286,2486
31,23 de febrero del 2026,01:13:03 a. m.,4,119,27|1|1800|1800;1|1|1200|1200;87|1|4800|4800,7800,1014,8814
32,23 de febrero del 2026,01:38:37 a. m.,2,119,98|1|1200|1200,1200,156,1356
33,23 de febrero del 2026,01:41:40 a. m.,5,21312,58|1|3800|3800;62|1|1400|1400,5200,676,5876
34,23 de febrero del 2026,01:44:42 a. m.,5,21312,41|1|1200|1200;150|1|1500|1500;52|1|2000|2000,4700,611,5311
35,23 de febrero del 2026,01:52:48 a. m.,4,119,95|1|2000|2000;21|1|1300|1300;87|1|4800|4800,8100,1053,9153
36,23 de febrero del 2026,02:01:17 a. m.,4,119,41|1|1200|1200;52|1|2000|2000;73|1|1200|1200;19|1|2500|2500,6900,897,7797
37,23 de febrero del 2026,03:02:34 a. m.,3,1,7|1|1500|1500;5|1|1200|1200;101|1|4500|4500,7200,936,8136
38,23 de febrero del 2026,03:46:22 a. m.,3,119,12|1|1700|1700,1700,221,1921
39,23 de febrero del 2026,03:47:41 a. m.,5,119,12|1|1700|1700;120|1|3500|3500,5200,676,5876
40,23 de febrero del 2026,01:01:58 p. m.,4,1,003|5|900|4500,4500,585,5085
41,23 de febrero del 2026,01:32:09 p. m.,2,1,66|1|2200|2200;5|1|1200|1200;9|1|1000|1000,4400,572,4972
42,23 de febrero del 2026,03:50:28 p. m.,4,1,003|5|900|4500;7|1|1500|1500;203|1|1200|1200,7200,936,8136
43,23 de febrero del 2026,04:07:52 p. m.,1,1,54|5|1200|6000,6000,780,6780
44,23 de febrero del 2026,04:09:29 p. m.,1,1,58|1|3800|3800;5|1|1200|1200,5000,650,5650
45,23 de febrero del 2026,05:58:52 p. m.,2,1,7|1|1500|1500;89|1|4000|4000,5500,715,6215
